0 9.91 15
1 10.77 15
2 11.18 15
3 11.69 16
4 11.96 16
5 12.3 17
6 12.56 16
7 12.84 16
8 12.84 16
9 13.16 16
10 13.37 17
11 13.36 18
12 13.5 18
13 13.69 17
14 14.03 17
15 14.27 18
16 14.26 17
17 14.6 18
18 14.76 17
19 14.69 18
20 14.78 18
21 14.95 18
22 15.02 18
23 15.19 18
24 15.14 17
25 15.41 18
26 15.41 18
27 15.53 18
28 15.51 18
29 15.48 18
30 15.75 18
31 15.91 18
32 16.04 18
33 16.31 18
34 16.27 18
35 16.28 18
36 16.29 18
37 16.39 19
38 16.54 19
39 16.71 18
40 16.76 18
41 16.82 19
42 16.88 19
43 16.72 19
44 16.78 19
45 16.75 19
46 16.68 18
47 16.88 19
48 17.06 19
