-440.0213333333336
-374.7351999999999
-332.1616
-283.9146666666666
-267.2343999999999
-225.07573333333335
-188.14480000000003
-162.61386666666655
-135.21173333333329
-121.57813333333331
-96.09626666666666
-82.26426666666666
-64.9445333333333
-58.10879999999999
-46.38853333333332
-43.11786666666664
-35.93866666666666
-34.949066666666674
-30.775466666666663
-27.335199999999997
-20.05093333333334
-16.149066666666673
-13.178666666666661
-10.759999999999994
-5.525600000000005
-4.636000000000001
-3.8850666666666682
-4.28
-1.5552
-2.479466666666666
-2.146399999999999
-4.261600000000003
0.5479999999999999
-2.1933333333333316
-1.4720000000000006
1.0677333333333334
0.09813333333333354
-1.571466666666667
0.5367999999999998
1.2432
-1.6298666666666661
2.543733333333333
1.0336
-0.5685333333333336
1.1589333333333334
-1.1874666666666667
-3.551466666666666
1.2813333333333334
2.1330666666666676
1.2288000000000006
2.7720000000000007
2.480000000000001
1.3248000000000006
1.440533333333333
2.1346666666666674
0.4938666666666671
1.9658666666666673
-0.7247999999999996
-0.36293333333333466
-2.1618666666666684
2.333866666666666
2.4949333333333317
3.537866666666668
2.3218666666666663
-1.7112
3.8895999999999997
2.7255999999999987
4.216
1.631466666666666
1.460799999999999
2.695200000000001
3.591466666666666
4.473866666666665
0.5229333333333335
0.14400000000000057
3.31866666666667
4.696
0.10666666666666685
6.2376
4.482933333333333
5.128000000000002
6.154666666666667
5.364
7.260799999999998
5.070399999999996
5.467466666666668
4.547199999999999
8.763733333333338
1.1906666666666672
4.661066666666668
6.330933333333335
7.2336
4.960799999999998
7.610133333333332
6.47786666666667
3.0178666666666643
8.878399999999996
11.818933333333337
2.1880000000000006
10.093333333333337
10.643199999999998
8.465600000000002
3.9261333333333317
9.969866666666668
5.4064000000000005
10.849333333333336
10.397066666666673
5.961333333333334
8.580533333333333
10.000800000000003
12.410666666666662
11.141866666666667
10.224266666666665
11.677599999999996
4.2344
8.652000000000008
14.218666666666667
11.244533333333333
11.785066666666667
15.591199999999995
11.790399999999996
15.8632
4.38186666666667
14.040799999999999
13.722133333333328
13.844266666666663
15.870666666666663
13.535733333333335
20.830933333333334
22.237600000000004
18.473333333333333
15.502133333333331
17.146400000000003
21.608800000000013
16.336000000000006
20.845599999999997
19.776533333333337
22.613333333333323
21.521866666666654
21.999199999999995
24.689333333333337
18.94293333333333
24.92613333333333
15.345333333333341
20.340799999999994
22.061866666666663
25.85013333333333
29.558399999999985
23.779999999999994
22.340533333333337
27.80106666666666
24.91466666666665
25.104533333333343
25.264266666666664
24.216800000000003
14.080266666666663
23.242666666666672
28.252266666666667
29.3256
31.602933333333326
27.570933333333343
30.789600000000014
32.48133333333333
25.166933333333347
37.38880000000001
22.316266666666664
29.75679999999999
35.78346666666667
31.824533333333335
36.6928
39.80160000000001
41.60213333333333
41.2904
30.527199999999993
41.08240000000001
30.398400000000002
36.29493333333334
40.65813333333333
34.93199999999999
45.698133333333345
43.573066666666676
37.05093333333331
38.933600000000006
42.815200000000026
33.31173333333332
40.515999999999984
36.885066666666695
44.67360000000001
37.68719999999999
43.83013333333332
44.60346666666668
47.468533333333305
46.338666666666676
45.51573333333332
43.96293333333334
50.569066666666664
47.06533333333333
51.22293333333335
45.34479999999999
46.06213333333333
44.6776
48.20026666666668
41.34586666666668
42.29280000000003
56.10079999999999
55.234933333333316
58.575466666666664
48.96453333333336
54.44746666666666
49.76933333333331
60.76080000000002
54.79546666666664
50.24320000000001
55.446400000000004
57.62826666666669
54.58773333333332
57.69199999999999
60.70053333333335
55.419733333333326
56.761066666666665
58.09733333333331
57.57493333333332
58.63573333333336
46.77786666666664
63.6832
64.08000000000003
61.07520000000004
71.51759999999997
63.121066666666664
73.36800000000004
64.7328
75.32400000000004
71.47093333333333
72.03920000000001
66.93253333333334
70.84720000000004
83.8624
80.9186666666667
79.31093333333332
91.08453333333335
89.30666666666669
87.97093333333333
92.76533333333333
97.83599999999997
92.7336
98.83173333333336
95.47653333333334
94.73440000000004
74.08666666666664
82.29813333333333
93.57146666666668
83.43066666666667
106.56240000000007
100.97013333333334
104.85840000000002
107.18346666666663
106.49253333333333
115.22693333333332
93.36186666666667
114.73653333333336
108.99999999999999
112.9589333333333
113.37840000000001
98.67226666666672
120.37173333333327
116.75066666666667
118.3850666666666
128.00373333333337
122.15493333333332
141.8738666666667
133.49439999999996
144.2026666666666
145.95386666666667
143.27893333333338
147.81093333333337
155.80106666666657
160.7616
160.27040000000002
151.8584
163.67813333333334
166.65973333333335
181.16453333333325
177.55546666666675
173.57653333333334
181.11493333333334
174.47039999999998
177.69839999999996
185.39999999999995
182.46480000000005
183.35386666666676
182.15973333333326
189.54613333333336
187.57066666666674
184.89253333333343
181.90906666666666
200.13200000000003
195.92159999999998
201.35946666666683
197.9040000000001
198.14800000000005
193.25599999999997
