0 -461.8551999999998 -111.28 240302513350032221335545555252666103536451256312054346605456614405612202002660035301002403056132643353633115413434500101153505154403230206613652012106625146516450156512155014030425134164400563616245051151345112110312665256453253052135051506335
10 -56.04440000000002 3.6 536036465134435441442263624302133066425214200620455226662532435406454406621234266441046005611143406224414324154244620545640110233466062514402006165152025100054361633210150633455163534603065664441225413614441452160311152631466163126500610060545
20 -9.0096 5.8 121246052245410413132666254146036150052434115110362116104643006525122331405541344325004052611126456224414324154244620545640113035466062214402006165152425100054361635210150633455163534603041664446620120166264152212560552410224343054430554322656
30 -4.1888 6.0 121226152245235441442266254146036150053435115112362116164643006525162315430624306441046005614420111336631013211640446545640110035406062514402006165152025100054361633211150633455163534303065664446620120166264652211565550135435155204026155503643
40 0.9099999999999996 8.4 121266055134435443442266254346036150052425114110362112164603006625101315430623306441056005611143456224631013201601421145640113035466062123402006165152025100054361633211150633455153534303065664441225413615441452160311152631136163126500610060545
50 -0.6703999999999993 9.8 121266055134435441442266254546636150013435115116362116164642006525162625405501344325004052254143456224631013201603421102214123361253252123042023120152045100054341633210154633455153534303065624441650120166164152112560552410234145224024143205446
60 2.8012 15.4 121266055134335441442266254146436150013435155116362116164642006525162625405501344325004052254143456224632013201603421102214123461253253123002023160152025100054361633210154613455153534303040664446650120266164152212560152310234145224024143205446
70 7.203199999999998 18.6 121266055134335441442266254146636150013435155116362156164642206425162605405501344325014052254143150224131013201606421102214123361253253123002023120152023100054301643210154633455153534303040364446150120166164152112560552310034143224024143205446
80 9.7348 24.2 121266055163435041442266254146632150013432155116362116164346006525462601405501364325004052254143450224131013204603421106214123361253032123002023120152025100054361633210154613455153534303050364446150120166164152152560552310034143204021143205446
90 8.7708 23.4 121666052234435451242265550146330156013435155115332106164642202525160615405501304325004052254143450224131013204603421106214123361253032123002023120152025100054361536220154633451153534303045364446150120166164152012560552310034143224421114201446
100 7.3947999999999965 24.8 121666052234435051542265553146130156013432155115332110154346006525462301404501145325034052254143450224131013232663411145641153031253032123000023120152025100054301646210154613455153534303040364445150120166164152116560552311034145224024143205446
110 12.581199999999997 28.0 121266452234435651242665553146130152005435155115332110154346006525462301404501145325034055254143450224131013242663411145641153031653032124000023120152025100054361636210154133455153534303000364441153122166154151012560552310034143224021143235446
120 8.466800000000001 34.4 101666052234435151142165553126130156013430155133332116124346006505462601404501145302034052254143450204131013502663411140641653034253065023002013120152055100054306043512154133452153534303045564446150120161154152012560552310036143224025143235346
130 11.535599999999995 33.2 101666052234435151642165553121134156013435155115312116124646006505462303404501564325004052254143416230101013202633411145641153030253032123000023120152025100554356043210154135405153535303040364456150120164154152012560552310034143221021143635346
140 18.891200000000005 34.8 101166052034435151642165553336430156013430155114332116324346046555452601404501045302034052224143416230631045202623313145641153541343032123000013120002025100004366636210154113405153534303300364446150022166150152012560552310034143224021143235346
150 21.108 36.4 201166055234435151642160553126130156013430155115302116124346006505462601404501145605034052254143450224131045202223313145641123635465032123000223130202025130004361136210154613435153534206005364446150020166154452002560552310036143224041156205446
160 24.5244 47.4 101666152464435151142105354126130155013460155115332116124344005505462601404501145306004052250143426231631045202623313145641155041043032123000013100202425100004361636210156013403153534303000364446150022166150152012561552310034143224026341635242
170 21.366799999999998 49.4 105466152464435151142105354124140153013440155115502166124346006505462601404501145605034052254143451224131045402623313145606153011043032123000013120002025105004366636210154613405153534303000164446150012162150152015522552050036144224021143635242
180 36.2336 53.2 505466152464435151142105354126140153013440155215502666121346003505465601404504145605034052254143451224131045402623314145641153041043032123000053120003025105002366636210154043405153564301000360546150012162150152015541656050036143214126141635242
190 35.10399999999999 50.8 500466152464435151142165354126140153013440151115502166124346006501462601104403005605004052254130451224131045402623313145601153041043032123002053120003025105004320636210154043405153564301000364446150022166150146022561552050036146225021140630242
200 39.888 52.8 105466152464405151142105354126140153013440150310502166124016006505662001404501145605012045254243451224131045402623313145602153041345052123360223120202022105004666636216154513465153524303310364446150012162150152015541512050046144223064343635542
210 38.438399999999994 51.2 601666152464431151142155354126140153211430155135330113124306406505662404404401145605032045254243451224131045402623313145602153041043032123000013121032022105004661636210154513465153424343000364443150520116154152552541635050036143214126351235242
220 39.5456 52.0 601666152401435151344105354126100156211430155135330113124306406505661400404401145605032045253243451224131045402623313145602153041043032123000013121032022105004661636254154513365153524301000364543150120114154152552521512020064144224064343636542
230 40.3824 53.2 422366152464435151342105354126140153216430155135330113624346006505662401504445145605032045256243450224131045402623313145602151041003032123200013111002005105004366636230154613405153510303340264446156012112150152015542512020064144224064344635242
240 37.85679999999999 52.0 401466152401435151341145254126500153003440155135330113124356456304661400403601145405436052254133451224131045402623313145606153041343052123200013620002025105504360566210154513465153424333310464446156012112150152015542512026065144224064345636542
250 30.687200000000004 52.8 401466152401035151344105354126500153003430155135331116124346401505662401404401145605415043214243451124101045402623313145606153021043152123000013220002025105024366636210154511465153410303335264446156022114154152042521552560065144462626151035242
260 41.17799999999998 52.4 611666152401435151341125354126103153211430153135330113424336001505662401405401045605412002254243551124635020402623311146666153041043052123000613020002025105504366636230154511465153410303335264446156022114154152015542512060064104524061343603502
270 33.968399999999995 51.2 611666152400435151341305054126105153211430155135330113124356406325663400403651145405436053214243261254036055002623313140606153041343450123044043020002025105564366636230154511465153410303335264446156022112154152562521552560065144424626151635242
280 43.42399999999998 50.8 611666152441435156341125354126140153003440155135330113324305406425662401403421145600435052554443461232131045402623313146606153041333052163000013420002025105564366606230154561435153410303335264446156622114154152062520052560060144422626151625242
290 35.105999999999995 50.0 601666155404005151144105454311520155003430155135335116124346405515661400403601145405436050264134451234631045502023313145606153051343052623200013220012055105504360466203151613415153410303346356456154012162150152015540512260014144422626141325242
300 42.97439999999999 51.2 601666152601435150341115334126140153003430155100330113124425406425262401053401144202436052214443260224161055452623313141641024041541052161000033420005025205564366606234154613405153510503336364246156653114154062060520552560065144422626153635245
