0 -466.62 -85.64 412226335322605642464445600502120565650131462564251366645330664132344232656244336455561310203233523045110420445006222614145452223604362336342533155440341566011002213334622415504241301142411520313462046154260652016566221506126054655314011556515
10 -79.28960000000002 2.0 523602442622421253320421622310354216034345420002232216601046143400362253323043120165452043022215051202042400300014442101004322132355611543401432011635245151310602212060454030431142136415664412142513342160142261304514441641512101522326335430252
20 -10.7228 3.6 323602442403012563326032422310354216034345420002232216634221401232045501425120346162212043022214055003560015645641055361020564146662324245513533155440341534065056340120452122430445510332411520313462046154263534062122401661642504432144011555235
30 0.7384 6.4 323622442403012663320421622210654216333142015144333104634121401232045601425120346162212043022214055003560015645661055361000562546632324245513533155440341534065056340120452622430455510332311520313413346154260652010566221506126254655312012422142
40 1.718799999999999 9.2 604654053622421253320421624310354216034645460004032501553222101232045434055116256162212044364460051202142300445621055361000562546632324245513533155040341534465046341120452622430455510332311520315413346154260652010566421521126254650314011556515
50 1.494 9.8 604654053622421253320421621312331015234142015142232212634221451231045501416520246662212043024460051202140005642641055361000562146662324255513530500316345534065056340120452652430455510332311520313413342160142265300566221521126252655314011556510
60 0.08480000000000022 9.8 604654053623421253320421624360654216333442115163333501634221413663444213035155256022612043022214055026560015645621055361000562546112321245513630500316345536366006346120455622430455510332341520313413342160142261304514441621126244650314021556515
70 4.812 10.4 204654053622421253320521624310350215034646420002153501550220101232412210025120346162262003012214055003560011645661055361000562520632324245512533255143342534065056350126452521432455510332311520313413342160142262314514441621126214650354021556515
80 2.2484000000000037 12.0 004654053652421253324421324360654215234142010142532212653222101232443541455120346112352043012214055003560011645651055612000562526631624246321260505442341524035056340120452401432455510332511520313413342161142262314514441621126253653314011556515
90 6.119200000000002 13.6 614654051622421253324421624360650211033605015142532212653222101232441521425100346112352042012214055204500005645665055341600562546606421316513533155046341534060056341125452660430455512532341120313116342160142211334514521521126264610314012422242
100 3.1964000000000006 13.6 604654053652421253320426662330650211033605015142533561333224401242441521425420346162652043024214055003566005665666055341601522522632624255513510520046344504064056340120454626430455112332311120313116342160152661360614441621026253653312011556515
110 9.057200000000002 20.8 614651053622421252324421624660650211033105015142532212653222105502546601425121546160612053004214055003566001665666255341600512516622321346513533255343341534064656244125452621430453112302311120313116342160152661360214441621026253653314011556515
120 0.44200000000000017 18.2 611601054622421253340425224360354215234102111654333201653222105502451521425426346116352053016614055002010011646604055641600512526632524255511525245046321534064356344125252621430453112302312120113116342160152661364614441621566214650314011552244
130 9.4236 18.0 654651053622421253320435256360654210333605015144332221633611405542456601425121546112252053012214055003560011646603055341600512516632624346513533255343341534064656244125452621430453162302311120313116342160152661330214441621026203653316011526515
140 8.042399999999997 19.6 615654053313421253324435264360314215033605011253333211644224411232412210325121146112250053016614055003010011646604055341604512016622321346513533255343342534664656244125452621430453162302341155313116342160154661360210441621066253653312011553615
150 -0.9424000000000015 19.2 615654053313421253424421624360654211033601011653333211644232411236412010525121546114251053012211054003560051646604055341600512016632621366513135244002341434064652244125452621450453512301311130313115342160152666360214001641166253653314011556545
160 9.958799999999998 24.4 615631053622321251624421624350654210333605014653333215646224441231414210025101546112652053016614055003010511643604054641630112526632631355516535244003331424064656244125252621430453112302341150313116342160154661360210441621066253633312011556610
170 12.1732 24.8 615651053622321251624421624360655211033605011144312221653131401231411521445621446312352053016614055003010511646604015341600512516662621346612545244013331424064656244125252621430453103302311150313116342160152661360014441221166053513312010556545
180 10.818399999999999 23.6 615651053422321251624445264360114215033605011153333211646222411236422216025121546112352053016614055003010010646604015341660412516662626351623343225343341534066610234025452621434453212301213450313116345160152261560610441621066253653312011546515
190 6.925200000000002 24.0 615654053313621251654421624350224211034605011553333211646222414236422216025121526112312053016614055003210040646604015341650412516632624251623343235346340424064526244115452640430453112302341150313116342160154261560611441620066253633312011046515
200 12.525599999999997 24.0 610651053452322251624321624300135211033205011553335216646224401231016210320666346112315053016614055013210550646344315341600212516662021151613643245346340424064526244115452640430453112302341150313116342160154261560611441622526253633322011555610
210 14.127999999999997 23.6 615664154623621253134421644352654211031601011553335216640204401231116210320666346112315053016614055003016150646464310351650412516632624251623343235346340414464526246115452640450453115302341150313116342160154261560214042622526243633322011550610
220 1.7752000000000008 27.6 615654153314321251624645264352654211023605411553335215640260441231016210320666346112355053016314055010250563646644315351650412516632624251613643245346340424034526246115452440430453165302341150315116342160154621261254441621066251632402011546515
230 12.373600000000003 29.2 615654153314321251604645264352654211023605416553335516646124401231016210325321546113054053016610055253210040646604411351650412516632624251623343235346240424064526541115452625430452112302344450313156352160154261531214441621066251632402011046515
240 9.0964 25.6 646664153353625251654421534350254211033605416553335516646124401232346210325321546112315053016310055253011150646003315301650413516262624251623343225346343422064556244125452640450453115302341150313156352140154261560414052622526242633322011055610
250 8.131599999999999 26.8 615654153314221251654135264352655211023605416553335516646125421231013210320661446113053055215214055223210040646604015351650412516602624256623454235346343414044526241115152640430453115302341150313156342160150264511261452622526243633322011555610
260 9.624800000000002 32.8 215454153254321252604645464352654211023654416553435516646125401232013210320661346112315053016314052013210040646604011341650412516633644461345343035346343424064556644525452640430452115352441154313156342160150264511261452530526243633322011565610
270 17.356800000000003 34.6 615654153352321251634635263352654211023605216543345316646224401231346210325423156112052053215610055653210440646034111301050512516632624256623453235346343414044524241115152640430453115302341150313151352040154261560240042622521263535366041046560
280 19.583199999999994 42.0 615654153654661251634635224352654211023605116553335313646226401251016010325423653112052055015610055653210440646654111301050512216632622251646343235346343412044524241115152140460453115001241150313151352040154261560240041622526242613622011555610
290 17.194000000000003 45.6 615654153352321251634635264352654211023605216546545316646225403232346310336351346112252053215634052223211046646604111301650412516633634601603443235346343414044524441115152640460653115352341150313156352110153261511221152662333243633322011455110
300 22.6536 44.8 615654153254321251633135264355654216022605115553335311646225405232046210336451446112252053215634052223210041646604111301050412016636634001623443235346363424044524243111152640430153115352361150313156352110154261560240061622526241614622011455610
