0 -440.0213333333336 -76.28 243604155301506401434151214104531244150261034552223410600066416263065140254360521054541536202503054054443566256346606200602420412506320243030014350465235204243132364636141024630643645020405306220641550200242514202244050421151610406535202664512
10 -96.09626666666666 -9.92 510135056653630615256340232456023243666463523606655425152210034616411243011333661651046024564454166451044364626216145106036350625456520512155020553202436135244553315641260541153444436332612651454415452124211362112262516454055135401146134425032
20 -20.05093333333334 3.6 611642625151124404665642122603233441113003461344243464040061240316241354614530243205052622154561455144061536044603002330223403064513021120504010210132562551245140210336243635043444436332612651454411452124211340565504646020114311054014654553614
30 -2.146399999999999 5.8 340132221156633404365642120603221241113003461304243416550633340536302342260350243215062054034044455143664416630241561101665643200246560064505520553202402135244553313611612355351424355234166653454411452124211340565514646020114311054014654253614
40 -1.6298666666666661 7.6 340612222156036462002130130211321241140003461304243416550633140656302342260350243215042054034044455140065531044613002330223401364513021620506010212102436132244553313611243655351424305234166653454411452124214343515514646030154312034014654253614
50 2.7720000000000007 8.4 340232221156040404665642122603233441163003461366612216550633140236312352620350243211052051034024455151044312311103151104665611364513021120206010210002436435254553313611243655351424345234166653454411452123211340525504646000154312034314454253602
60 2.333866666666666 9.2 340132252156030454205642122653233441163003461366612216550653140236362342262250243211352051031026455140044333044605151404665611364513021120206010210002436435254553313211243655351424345234156353454411462120216343566514646020114311054014652253514
70 2.695200000000001 11.8 340132252156030454605642122655233441111603461604242412625205450606302342262352043415052051034024655151044312311103051004665611364513021120502026210102433135244553313611243255351453305234166653454411252140211343556514646020114311054614652213614
80 5.128000000000002 14.4 240132452153030454605642122653433441110003461604242616555205450606302342262250243255052051031121455155044312311103156164665011364543521120205010210002436235244550313611243655351253305234166353454211452120211340565514644346244316052013624255614
90 6.330933333333335 18.0 340132452156230604615642620221333441110003461604242616655205450636302342212250243261052054064125451151644515351015154201203611364513022120206010210601416135244553613651253655351253355234066153454411252340211343156614646020144316064014650106402
100 10.643199999999998 24.2 340022252156030654605602122655133441110053451604242616655106450606602342562250243216356051021026455151644516351015154201203611364113022120206010210601416135244553613651253655341256305234506153654414252120211640565534644200155016054214654256600
110 12.410666666666662 26.6 343132252156030654605642522655233441110053151604242616655136430606602342362403503211052051034025655240044515311455154204165611564563022120206010210601416132244553613651253255351253355234036153454211252340211343156014646020144316060014650106114
120 11.790399999999996 33.6 340132252155030451605602122655133645110053451603242416654106440606602342362250235230052051064125051151644515351015154204164611564513621220205010210606436455354513653651253255351253355234506153454211652340211340365504644046244346644014650101014
130 18.473333333333333 43.0 343136254156030454605303122655133445110053451004202516653205050036345342262210235230052051064125051151644515051013051004160611564563021220200010210602436435354513653651253655351253342234566156054211252130211343545554641346044346634014604253004
140 24.689333333333337 50.0 340132252656030451605642522655233441110053051604242616653205050036346342263210235130052051060025051151644525051012051004203611304563021220200010210602436435354513653606252255551253042234336156454111252120211343506614644346244356634014654253004
150 27.80106666666666 48.8 344133254153330654405622542655236251110053051604244616653206450606102342262421643201002052055026051151544525051013051004166611664561011220200460210602432435354513653651253255351253342204546153154111252530211343545554641346044356634014655253004
160 27.570933333333343 58.8 343130252156030451605602642655133651110053051604244616653206450506112342262451663330052051055036051151644522051012051004203611304563021220201010210602436435354510253651253255351256331204506151664111256120211343565554041346046341630014605253044
170 39.80160000000001 70.8 340132254656030451605642522655233251110053151644642103556103050506102342262152643350052051064125651141644525051313051264360611564563021220200110264603411135354513253651252255341256351334506156654111252120211343366614644346244616414314644253014
180 43.573066666666676 75.4 610132252656030451005642522653133261114053154604042456625506052526502342242152643351052051064126061151041522051013053254160611564563021244203110210602436435654513253651255255341256354331506156454111252120211343565554041346044346634014504253105
190 44.60346666666668 73.2 600132252656030451005642522653133251110053051604244316225500150136342342262152643350052051064126051141644525051313011264160211564163021220500110210602411135354513251651252255141256351334306156454111256110211343465554041346044346114604244253014
200 44.6776 84.8 600332252656030251005642522653134255110053154604042456613206410306106342362421643251052051064156054151646525051013011264160611664561634223250110264403631130354513256651253255331656331204504151604111256120215341506654040346234616214314644253014
210 60.76080000000002 85.2 600332252656030251005542562656331255111053053604542456623406450106642342362151643350052051055026051351544525055013011264160611663561631240500410263203131130354513253651252255341256355334506156454115252120211343565554041346244616104313244253005
220 58.09733333333331 91.92 650332253656030251005642562656336213111053054604042456613603350006102542662425643350052051055226051351544615051013011264260211564163026220500130210602431530354513253621252255141256351034206154454114252120211353165554446346240645654014604153005
230 64.7328 127.2 650332252650030253005642562656331255111053054604542656423400150106102142364151643351052054055066051351544525051013053254260614644163026220500142264400631440354213256651252255611256351304205156455214252120211353565554031346430646654014224253514
240 89.30666666666669 156.6 650332252656030253005642502653131255111153054604542656423400110106102142364151643351052054055066051351544522051013053254265614644163026210500112464203536130351413256651252255341256355334516156454115252120211353265544344040255303424314224253514
250 93.57146666666668 183.0 650352252650030253005642562656331255111053054664042440603606450106642342362251242350052051055024051351544525052013051256360211664163026220400130210302431140354513153461652255141250351334516156454112252120211353265544244540255323424364224253514
260 108.99999999999999 193.6 650332252650030253005642062651333055111053054104544656523402400103642342362252242350052051050024051351544525052013053254260611664164026225402120210002431140364513155451652254341250351334516156454115152100611353265544544540255323424364224253514
270 133.49439999999996 241.16 650352252650030253006642562656331255151053054606044426603006460406242342314151643351052054050066051311524525052013053254260611664165026225402120210002131140354513153431652255151254351334516156454115152120211353615544544540255333424365664453065
280 166.65973333333335 250.2 650334252650030253005642562656331255155050054600044426603606460406242342344151643050052054050066051351544525051013053254462611664065026225402120310002131540354510153431652255151250351534516156454115152124211353561204031546030646644314604153016
290 182.15973333333326 255.6 650352252650030253005642564656331255151053054606044433623400400106042342342151643050052054055066051351534525052113055154260114644165046225402120213002431135354514153411252255151250351335616156454115152120212353265554004540250015124365604453335
300 193.25599999999997 265.2 650354252650030253005642564656336255651153054636044426605606460406242342364551643050052054053066051351534525052113055154260114644165046225402124216002431135354514153351255255151255351336516156454115152120611353265204144500255650642364604253514
