0 -425.0016000000001 -52.24 402550101202405213505650054145650204042525615223041120414104315031111414135233046635042651105503604201345044063426662520341444031405004530323513433633164223204433665410562026443423353103534335664156423325124422563245124401202511104122226140105
10 -70.23440000000001 3.2 151254165630506622202545512226532111116634465042556360140516130632044021503632350331160102314236305134455445256354414354413024603046646425640214315013006265600610463010453115620414132350230662244453103233144565360124450443262101035450463302162
20 -9.416 4.8 636205623156520661042545512221545456346240112113440635115265414632460232201412351661050024312643024445034665060301000160411126434656465334230423545113006265600610463010453115620414132350230662244453110133454201113334243522406536131501352432222
30 1.5836000000000001 6.4 660062101655053010165316511206440056346245002112454326321265414632460232204412351162050024312643024405034660060301000120411156634656465334230420545113006265600610463010453115620414032650332662244453103233154205360124144643310153526352335400162
40 5.4472000000000005 8.8 232032646151026155604520511216464456240200104112654626315556330224460232201424000162050024312643024405034660600311000120411126444656465334236423545135265265600610563010453465630414132350230665244153113233154205360124144643310153526352335400401
50 5.989199999999999 11.6 232032646151026150603316511215445456240240102152554626315556030224460232201424000162050024312643024405034660060301000120411126444656465334230423545165265265600610463010453065626454132350230662244453116233154205360120144643310153526002144140326
60 3.541999999999998 18.0 236065452151026155604520441216465456440240154112654626115556330222450212201424000062050024312643424405444660060301000120411126434656465334536623545135265265600610463010453165610454132340230265244153113233154205360124144643310153526002345520402
70 8.290000000000001 20.8 245205401151021155613316211215445456242240152152534626316556030222455332202412301162650001312643024405035620060301000120415126444656465334630623545134265265600610466010453165630454132350230165244153113233154205360124133641356551526335336340324
80 9.402000000000005 18.8 236005452151026155603316511016445451243240152652534626315556030022455232201424000062050024212643004405044664060304000120411126434656463334630323545130262265605610413010450065624154132350230165244153113243154205360124133641356153526002345520402
90 5.1548 19.2 236005456354026155663520441213465451243240152152530626315553030222464632201624600062040024312643024405054664060301000120411126434156400334236623445135265265600410611030455265620154132350260615244153113233154225360124233651356551526335036340324
100 11.74 20.4 236005456655526155604520441615435452410240154152514626115556330222464232201624000462050524312643024405044660066331060120451326444646465334530623545135265265600010466410453065424154132350230565244153113233154205360164133141366551526335334340324
110 12.483600000000003 18.8 236035456255526155604520441615435456242230152152534626335256330262464232204411353162050024312043034405054664061301000121411126444656465330536622545125265255660610466412150165424154132350246365244153113233155235360124233641356551526335336540316
120 13.214800000000002 21.2 236005456655536155304520421212045451223240152152514636315256020021464252203614000062050024312643424405054664061301000126401126434656465334630623545434235265600010466512150165424154132350246365244153113233155235360124233641356551526335336540316
130 12.207999999999997 21.2 236005456155026155604520541212455451223240151552514636315256030022460252201664000062050024312243424405414664066301003122411324434656165634630623545434265265605610446512150160424154132350241665244153113261155235350360123641356551226315331320354
140 9.485199999999994 19.6 236005456155136155100520441615445451442246152152514626115256030022464252031614014261050024312643024405044664060311000626411326434666030330536622545125265265401610466512150355624154132350230665444153113261154202360164103644356550226315331310354
150 8.7544 20.8 436605456255023155603320451212145450423240152150443626435252020021450252201424014211050021314646024405254664060315000120410126434356415334630563545434265265401410466513150655324152132350230665444153113263156554360164133641656551526335336340524
160 10.931199999999999 22.4 436605456215023155603320431212145450442540152150440626611056330222464256201424020060051014312646454405044664060311060136301125434266030320506622545125225265605610466513150055024154132350230665444153113261154554360564133641306551226355036340524
170 12.395600000000002 20.0 436605456615023155604521441410440451443540152050440626015256030022464252101614020014350024512643024405044664066321005125010126434356415334630622545234265265401656446512150165624154132344232665244153113213154404360164123441356551626355336340306
180 8.840000000000002 30.4 536625456215063155604522451212145150442556156150440626115255020522350252235614014261050064312646454405044604060315000020010126034356415334630622545234265265400410466513150305624154032450230665444153123251155202360654133611366551526335606323306
190 11.171999999999999 38.0 236625456255023155604522451212145150442556156152440122116246020022464052201424014411051024012644024405044660026341043126441021454654136330536563545631265205601404266516150165624154132550230635434150613061155202360345113641656551526335606340523
200 15.305200000000005 38.0 436601456255023155604522451212145150442556156152440122115246020020464053201424014411051024012643024402544664060415000021010126434356415304630622545444265265401610266506152355324154132350230663414150613061155202160345113651362551526332006140524
210 12.548399999999992 35.2 436601456615023155604022451142142150442556156152443122115246020022464052201424014415050026312344024402544366566350060630301421454614136330130623540631265305601410266212150165621154142550230625044153113661154554240166112641626161226412131323106
220 15.509999999999991 37.2 436601456255023155604522451212145150442156156152440102115246020023454222031424034415050026314643024401544664046345653326441023456650415304630622545434265265401610266506150355324154132550230625444153113661154164360166112641620161226412131323106
230 17.075199999999995 36.4 036631456255023155604520453510403150442554156152040121125246020023444222035324014411010026312344024405040660000435000621010120254654136340656622545431265305601410266306150355324154132550230625444153163661154564360163112641620161226412136323306
240 23.850399999999993 42.8 036601156255023155604520453012145150442556156152443122315246020020464002201404014415450026314344024402544660026345040026441020454354336340656622042444265265405610266516150115653154122550330025444153113662154554340164122641620161226402301324106
250 32.83279999999999 52.0 032602156455003155604522451212105150402526156152440152315240050020464002201424014415013026312342024402544660026345040021010626424654215340630022545424265355501610266106150355123154132550230625404153223661154564360564123646446551526412131323106
260 42.07480000000001 58.0 036631156255023155604520453012145150442526156132343152315241050020464002301424014411010026342344024432114660020415000346443120454626015340630022545424265355501310216506150165625154142551230625344153113022154560360166112646446551526432301323106
270 47.123599999999996 56.8 236602156355003155604522451212145150402526156152440122255240050020464052231425014415010526112344024402544660026345440021010626454346006340630022540654225203301510216506150115623153124550630025444153163621154560344644131640624161246452131333102
280 38.181599999999996 58.4 152602156455303155604520455012145150452526156152450122315246050420464052231425014415010026112344024405044666520345643546443020451356215304610222262444265265005610266316150115623154132050230625404153113651154460360566112645424161246402311305216
290 39.4772 58.8 006602156435063155604520451212105150462536156152440122315240050024464052231325014415010026112344024405046666420115230646443022454620015310630023540654225220304610166516150120623154132550230625444153225061154524360566112641621161646402311325106
300 36.83279999999999 57.6 152602156455302155604532455212145150402536156552450122215640050420464052201425014512010026114346024405034666420115000423043022454620015310630022262444265266001510106516150120625154132453230625404153225061154524310566112641663162222352101321346
